-17.561567
-17.616499
-18.871780
-20.644775
-22.586422
-24.032890
-24.692945
-24.781502
-24.755749
-24.959396
-25.606281
-26.481705
-27.310778
-27.907595
-28.233856
-28.217304
-27.906713
-27.461014
-27.180618
-27.023396
-26.924377
-26.767897
-26.508389
-26.201653
-25.953026
-25.783350
-25.736322
-25.762207
-25.709288
-25.508417
-25.194530
-24.843901
-24.583136
-24.470058
-24.460869
-24.447634
-24.365206
-24.165354
-23.883831
-23.632622
-23.476606
-23.416889
-23.396809
-23.347996
-23.243664
-23.117283
-23.033531
-23.037071
-23.118700
-23.224068
-23.295849
-23.315483
-23.311794
-23.331902
-23.399363
-23.494055
-23.569851
-23.593391
-23.570454
-23.538376
-23.532829
-23.558323
-23.587563
-23.588642
-23.554626
-23.508926
-23.482843
-23.486929
-23.502754
-23.501528
-23.470875
-23.424454
-23.386475
-23.367382
-23.354422
-23.325459
-23.271263
-23.204042
-23.144684
-23.102512
-23.068089
-23.025335
-22.969517
-22.912275
-22.869286
-22.844244
-22.826092
-22.801577
-22.769007
-22.738548
-22.719791
-22.710674
-22.699957
-22.679609
-22.653027
-22.630192
-22.616051
-22.605488
-22.590067
-22.568150
