8.199261
4.914690
1.630881
-1.652772
-4.936300
-8.219578
-11.502428
-14.784681
-18.066153
-21.346676
-23.011471
-25.132416
-27.615110
-30.284798
-32.815712
-34.715546
-35.660797
-35.694870
-35.038834
-33.914047
-32.512672
-31.020201
-29.631701
-28.529396
-27.808086
-27.514687
-27.631973
-28.097012
-28.813206
-29.678175
-30.557426
-31.320539
-31.865612
-32.129387
-32.090187
-31.773067
-31.239105
-30.572744
-29.869808
-29.225145
-28.719307
-28.399082
-28.286053
-28.368063
-28.611258
-28.953064
-29.327393
-29.660471
-29.890118
-29.981987
-29.920246
-29.715633
-29.408012
-29.044407
-28.677599
-28.357038
-28.120623
-27.988760
-27.961988
-28.022369
-28.144762
-28.294594
-28.428116
-28.507957
-28.509630
-28.431709
-28.281223
-28.078381
-27.851818
-27.632584
-27.448040
-27.316822
-27.245804
-27.229666
-27.252863
-27.293531
-27.328377
-27.337547
-27.308430
-27.237745
-27.137863
-27.020023
-26.898632
-26.787964
-26.699162
-26.638094
-26.610882
-26.615864
-26.638060
-26.660076
-26.666214
-26.652164
-26.612165
-26.553242
-26.479721
-26.398960
-26.319475
-26.248901
-26.192337
-26.151386
-26.124104
-26.105751
-26.090187
-26.071465
-26.045261
-26.009813
-25.966122
-25.917511
-25.874783
-25.840313
-25.814440
-25.795601
-25.780848
-25.766752
-25.750288
-25.729589
-25.704319
-25.681784
-25.661804
-25.643679
-25.626413
-25.609026
-25.590797
-25.571472
-25.551264
-25.530788
-25.510853
-25.492231
-25.475460
-25.460690
-25.447706
-25.435995
-25.424896
-25.413809
-25.402334
-25.390354
-25.378052
-25.365799
-25.354050
-25.343170
-25.333361
-25.324572
-25.316549
-25.308916
-25.301260
-25.293270
-25.284794
-25.275864
-25.266655
-25.257433
-25.248432
-25.239803
-25.231564
-25.223600
-25.215689
-25.207596
-25.199123
-25.190180
-25.180773
-25.171013
-25.161064
-25.151089
-25.141186
-25.131382
-25.121620
-25.111784
-25.101742
-25.091389
-25.087177
-25.086205
-25.084524
-25.078535
-25.066141
-25.047285
-25.023861
-24.998924
-24.975655
-24.956326
-24.941681
-24.930851
-24.921791
-24.912086
-24.899794
-24.884052
-24.865292
-24.844990
-24.825077
-24.807295
-24.792597
-24.780935
-24.771336
-24.762344
-24.752544
-24.741024
-24.727676
-24.713118
-24.698439
-24.684759
-24.672848
-24.662874
-24.654402
-24.646576
-24.638466
-24.629372
-24.619076
-24.607826
-24.596237
-24.585007
-24.574667
-24.565395
-24.556993
-24.548954
-24.540707
-24.531792
-24.522030
-24.511551
-24.500721
-24.489985
-24.479687
-24.469955
-24.460684
-24.451580
-24.442287
-24.432535
-24.422226
-24.411448
-24.400442
-24.389492
-24.378809
-24.368475
-24.358404
-24.348415
-24.338301
-24.327906
-24.317190
-24.306232
-24.295198
-24.284256
-24.273539
-24.263060
-24.252766
-24.242519
-24.232204
-24.228714
-24.228275
-24.226006
-24.217928
-24.202520
-24.181126
-24.157204
-24.134794
-24.116922
-24.104486
-24.096163
-24.089138
-24.080433
-24.068102
-24.051981
-24.033581
-24.015347
-23.999596
-23.987583
-23.979107
-23.972721
-23.966436
-23.958591
-23.948496
-23.936626
-23.924313
-23.913086
-23.904036
-23.897373
-23.899437
-23.904997
-23.907612
-23.902470
-23.888302
-23.867636
-23.845398
-23.826639
-23.814430
-23.808750
-23.806808
-23.804539
-23.798454
-23.787128
-23.771618
-23.754814
-23.740017
-23.729492
-23.723585
-23.720751
-23.718414
-23.714161
-23.706810
-23.696781
-23.685768
-23.675873
-23.668617
-23.664337
-23.662104
-23.660275
-23.657249
-23.652184
-23.645271
-23.637569
-23.630413
-23.624788
-23.620916
-23.618217
-23.615627
-23.612123
-23.607182
-23.600958
-23.594151
-23.587620
-23.581997
-23.577398
-23.573420
-23.569378
-23.564651
-23.558945
-23.552425
-23.545574
-23.538963
-23.532957
-23.527599
-23.522579
-23.517464
-23.511871
-23.505688
-23.499058
-23.492332
-23.485872
-23.479866
-23.474283
-23.468903
-23.463427
-23.457663
-23.451561
-23.445263
-23.439011
-23.433012
-23.427353
-23.421965
-23.416674
-23.411297
-23.405725
-23.399982
-23.394184
-23.388474
-23.382980
-23.377707
-23.372583
-23.367477
-23.362284
-23.356970
-23.351566
-23.346172
-23.340881
-23.335737
-23.330719
-23.325768
-23.320797
-23.315750
-23.310633
-23.305489
-23.300383
-23.295364
-23.290451
-23.285606
-23.280777
-23.275921
-23.271021
-23.266092
-23.261183
-23.256329
-23.251549
-23.246832
-23.242159
-23.237490
-23.232805
-23.228106
-23.223423
-23.218773
-23.214184
-23.209660
-23.205177
-23.200722
-23.196268
-23.191820
-23.187386
-23.182978
-23.178623
-23.174316
-23.170059
-23.165831
-23.161621
-23.157425
-23.153244
-23.149090
-23.144974
-23.140900
-23.136869
-23.132874
-23.128899
-23.124939
-23.121002
-23.117092
-23.113211
-23.109367
-23.105558
-23.101780
-23.098028
-23.094297
-23.090588
-23.086899
-23.083242
-23.079615
-23.076023
-23.072458
-23.068918
-23.065401
-23.061903
-23.058434
-23.054987
-23.051569
-23.048185
-23.044828
-23.041492
-23.038181
-23.034895
-23.031630
-23.028389
-23.025183
-23.021997
-23.018839
-23.015707
-23.012600
-23.009506
-23.006445
-23.003405
-23.000391
-22.997406
-22.994442
-22.991505
-22.988590
-22.985691
-22.982819
-22.979973
-22.977146
-22.974346
-22.971569
-22.968813
-22.966080
-22.963367
-22.960676
-22.958010
-22.955364
-22.952740
-22.950138
-22.947559
-22.945000
-22.942459
-22.939938
-22.937441
-22.934963
-22.932507
-22.930073
-22.927654
-22.925259
-22.922882
-22.920525
-22.918186
-22.915871
-22.913572
-22.911293
-22.909033
-22.906790
-22.904568
-22.902361
-22.900177
-22.898008
-22.895859
-22.893730
-22.891611
-22.889517
-22.887440
-22.885378
-22.883337
-22.881310
-22.879303
-22.877310
-22.875332
-22.873375
-22.871435
-22.869511
-22.867603
-22.865707
-22.863831
-22.861967
-22.860125
-22.858299
-22.856487
-22.854691
-22.852907
-22.851139
-22.849388
-22.847649
-22.845932
-22.844225
-22.842533
-22.840855
-22.839193
-22.837545
-22.835911
-22.834293
-22.832687
-22.831095
-22.829515
-22.827955
-22.826406
-22.824867
-22.823345
-22.821835
-22.820343
-22.818859
-22.817385
-22.815929
-22.814487
-22.813057
-22.811640
-22.810236
-22.808844
-22.807461
-22.806097
-22.804739
-22.803398
-22.802069
-22.800755
-22.799446
-22.798145
-22.796864
-22.795595
-22.794336
-22.793091
-22.791855
-22.790630
-22.789413
-22.788216
-22.787025
-22.785847
-22.784681
-22.783525
-22.782375
-22.781242
-22.780117
-22.779003
-22.777903
-22.776812
-22.775730
-22.774660
-22.773598
-22.772551
-22.771511
-22.770481
-22.769463
-22.768454
-22.767456
-22.766470
-22.765491
-22.764523
-22.763565
-22.762615
-22.761679
-22.760748
-22.759830
-22.758919
-22.758020
-22.757130
-22.756247
-22.755379
-22.754519
-22.753662
-22.752819
-22.751984
-22.751162
-22.750343
-22.749538
-22.748741
-22.747952
-22.747171
-22.746399
-22.745638
-22.744884
-22.744139
-22.743404
-22.742682
-22.741959
-22.741253
-22.740553
-22.739861
-22.739176
-22.738501
-22.737833
-22.737177
-22.736523
-22.735886
-22.735249
-22.734623
-22.734009
-22.733400
-22.732800
-22.732206
-22.731625
-22.731047
-22.730478
-22.729918
-22.729364
-22.728821
-22.728283
-22.727758
-22.727234
-22.726723
-22.726215
-22.725718
-22.725227
-22.724749
-22.724276
-22.723804
-22.723343
-22.722893
-22.722450
-22.722013
-22.721588
-22.721165
-22.720749
-22.720339
-22.719940
-22.719551
-22.719166
-22.718788
-22.718416
-22.718054
-22.717697
-22.717346
-22.717007
-22.716671
-22.716343
-22.716022
-22.715710
-22.715408
-22.715107
-22.714811
-22.714523
-22.714247
-22.713978
-22.713715
-22.713457
-22.713203
-22.712955
-22.712717
-22.712490
-22.712267
-22.712049
-22.711836
-22.711634
-22.711433
-22.711243
-22.711060
-22.710884
-22.710716
-22.710550
-22.710388
-22.710234
-22.710091
-22.709955
-22.709824
-22.709700
-22.709576
-22.709463
-22.709354
-22.709255
-22.709164
-22.709076
-22.708994
-22.708920
-22.708845
-22.708778
-22.708723
-22.708677
-22.708632
-22.708590
-22.708557
-22.708529
-22.708511
-22.708498
-22.708490
-22.708487
-22.708487
-22.708498
-22.708509
-22.708534
-22.708563
-22.708597
-22.708633
-22.708679
-22.708725
-22.708782
-22.708843
-22.708912
-22.708988
-22.709064
-22.709146
-22.709234
-22.709332
-22.709433
-22.709541
-22.709652
-22.709774
-22.709890
-22.710014
-22.710155
-22.710293
-22.710442
-22.710592
-22.710747
-22.710903
-22.711067
-22.711241
-22.711420
-22.711603
-22.711792
-22.711981
-22.712181
-22.712381
-22.712585
-22.712807
-22.713026
-22.713249
-22.713474
-22.713707
-22.713947
-22.714191
-22.714439
-22.714699
-22.714952
-22.715216
-22.715483
-22.715755
-22.716034
-22.716318
-22.716610
-22.716896
-22.717194
-22.717495
-22.717804
-22.718117
-22.718437
-22.718754
-22.719078
-22.719406
-22.719746
-22.720087
-22.720430
-22.720776
-22.721127
-22.721481
-22.721848
-22.722218
-22.722588
-22.722965
-22.723339
-22.723721
-22.724113
-22.724506
-22.724903
-22.725304
-22.725708
-22.726118
-22.726530
-22.726948
-22.727373
-22.727798
-22.728230
-22.728664
-22.729103
-22.729546
-22.729994
-22.730444
-22.730900
-22.731354
-22.731819
-22.732286
-22.732758
-22.733234
-22.733711
-22.734192
-22.734676
-22.735167
-22.735661
-22.736158
-22.736660
-22.737165
-22.737671
-22.738188
-22.738705
-22.739222
-22.739742
-22.740273
-22.740801
-22.741333
-22.741871
-22.742414
-22.742958
-22.743507
-22.744055
-22.744610
-22.745167
-22.745731
-22.746292
-22.746861
-22.747433
-22.748005
-22.748585
-22.749165
-22.749752
-22.750340
-22.750931
-22.751518
-22.752121
-22.752722
-22.753323
-22.753929
-22.754536
-22.755146
-22.755768
-22.756386
-22.757008
-22.757631
-22.758259
-22.758888
-22.759518
-22.760155
-22.760794
-22.761435
-22.762081
-22.762728
-22.763378
-22.764027
-22.764683
-22.765339
-22.765999
-22.766666
-22.767330
-22.768002
-22.768673
-22.769344
-22.770020
-22.770699
-22.771381
-22.772064
-22.772747
-22.773441
-22.774132
-22.774826
-22.775520
-22.776218
-22.776920
-22.777622
-22.778328
-22.779039
-22.779747
-22.780460
-22.781170
-22.781891
-22.782610
-22.783331
-22.784056
-22.784782
-22.785507
-22.786234
-22.786963
-22.787697
-22.788437
-22.789175
-22.789913
-22.790653
-22.791397
-22.792141
-22.792892
-22.793644
-22.794395
-22.795149
-22.795900
-22.796661
-22.797419
-22.798182
-22.798943
-22.799706
-22.800476
-22.801241
-22.802010
-22.802780
-22.803556
-22.804331
-22.805107
-22.805882
-22.806662
-22.807446
-22.808228
-22.809010
-22.809799
-22.810587
-22.811375
-22.812164
-22.812956
-22.813749
-22.814547
-22.815346
-22.816139
-22.816938
-22.817736
-22.818535
-22.819345
-22.820148
-22.820955
-22.821760
-22.822567
-22.823381
-22.824194
-22.825008
-22.825821
-22.826630
-22.827446
-22.828262
-22.829082
-22.829906
-22.830723
-22.831547
-22.832367
-22.833193
-22.834021
-22.834848
-22.835670
-22.836502
-22.837330
-22.838161
-22.838993
-22.839821
-22.840656
-22.841496
-22.842329
-22.843164
-22.844002
-22.844839
-22.845678
-22.846518
-22.847363
-22.848202
-22.849045
-22.849886
-22.850731
-22.851576
-22.852421
-22.853266
-22.854113
-22.854961
-22.855808
-22.856659
-22.857512
-22.858364
-22.859211
-22.860062
-22.860918
-22.861771
-22.862625
-22.863480
-22.864338
-22.865192
-22.866047
-22.866907
-22.867767
-22.868624
-22.869480
-22.870340
-22.871201
-22.872059
-22.872921
-22.873783
-22.874647
-22.875505
-22.876368
-22.877235
-22.878098
-22.878962
-22.879826
-22.880692
-22.881557
-22.882423
