-1.736987
-1.641687
-1.680176
-1.780821
-1.923455
-2.080470
-2.232262
-2.293952
-2.242292
-2.125941
-1.973898
-1.818825
-1.680894
-1.574648
-1.505759
-1.471634
-1.464274
-1.473679
-1.491271
-1.512403
-1.537005
-1.568440
-1.611394
-1.669355
-1.742390
-1.824903
-1.909317
-1.986712
-2.049450
-2.093386
-2.118764
-2.129635
-2.132171
-2.133810
-2.137821
-2.143842
-2.148463
-2.146946
-2.135316
-2.112047
-2.078705
-2.039358
-1.999053
-1.962003
-1.930239
-1.901788
-1.875340
-1.849651
-1.824523
-1.801194
-1.781945
-1.769084
-1.763823
-1.765577
-1.772072
-1.780249
-1.787547
-1.792914
-1.797030
-1.801753
-1.809110
-1.820324
-1.835297
-1.852801
-1.871290
-1.890043
-1.910012
-1.933210
-1.960467
-1.990963
-2.023690
-2.057336
-2.090120
-2.120312
-2.146833
-2.169501
-2.188813
-2.205426
-2.219652
-2.231260
-2.239681
-2.244404
-2.245300
-2.242544
-2.236100
-2.227051
-2.217930
-2.210448
-2.205123
-2.201222
-2.197398
-2.192697
-2.187011
-2.180907
-2.175115
-2.170036
-2.165432
-2.160539
-2.154542
-2.147103
