306.877502
306.388763
305.902924
305.418793
304.935913
304.454254
303.973877
303.494873
303.017273
302.541077
298.187134
249.713486
176.718369
107.851784
75.295189
83.218956
117.350456
143.478867
145.140045
126.747757
101.072891
79.715912
70.480110
74.457268
85.009575
94.927177
98.887115
95.332237
86.341858
75.470032
67.516678
65.355782
68.102219
72.597977
75.785400
75.482971
71.779968
66.557976
62.187355
60.224316
60.719784
62.354347
63.599243
63.365723
61.466908
58.759457
56.446499
55.141964
55.123219
55.653858
55.899269
55.376553
54.077259
52.516865
51.256886
50.576122
50.365688
50.258533
49.902847
49.184235
48.240940
47.157955
46.331261
45.867733
45.602291
45.189182
44.604149
43.865570
43.110294
42.482971
42.035179
41.704983
41.379227
40.982201
40.523182
40.075146
39.710598
39.447910
39.245789
39.042568
38.770306
38.464123
38.177467
37.931885
37.725872
37.539291
37.314537
37.041744
36.707504
36.399075
36.136120
35.897106
35.611462
35.315594
34.958942
34.603352
34.259148
33.931740
33.619137
33.315777
33.018322
32.728355
32.450268
32.186871
31.937000
31.696741
31.462803
31.234684
30.985138
30.728363
30.476364
30.228605
29.985838
29.749205
29.519073
29.294697
29.074879
28.828638
28.577810
28.329945
28.085550
27.844999
27.608484
27.376062
27.147741
26.923548
26.703552
26.487745
26.276075
26.068403
25.864643
25.664717
25.468588
25.276196
25.087458
24.902288
24.720612
24.542383
24.367584
24.196173
24.028109
23.863340
23.701828
23.543552
23.388493
23.236616
23.087870
22.942228
22.799643
22.660080
22.523512
22.389877
22.259138
22.131229
22.006113
21.883722
21.764021
21.646938
21.532421
21.420404
21.310841
21.203672
21.098837
20.996284
20.895956
20.797794
20.701752
20.607782
20.512512
20.402555
20.292410
20.183142
20.074629
19.966270
19.858082
19.750868
19.645477
19.542089
19.440332
19.339987
19.241343
19.144871
19.050720
18.958647
18.868362
18.779871
18.693373
18.608957
18.526459
18.445633
18.366394
18.288809
18.212927
18.138664
18.065855
17.994410
17.924353
17.855728
17.788496
17.722561
17.657858
17.594402
17.532217
17.471283
17.411552
17.352972
17.295540
17.239267
17.184145
17.130125
17.077173
17.025274
16.974426
16.924608
16.875784
16.827921
16.781004
16.735010
16.689926
16.645720
16.602358
16.559828
16.518110
16.477182
16.437025
16.397610
16.358921
16.320940
16.283653
16.247040
16.211081
16.175762
16.141068
16.106985
16.073492
16.040579
16.008226
15.976432
15.945175
15.914441
15.884219
15.854494
15.825256
15.787656
15.746005
15.703262
15.660270
15.616574
15.571709
15.526240
15.481200
15.436943
15.393071
15.349347
15.306160
15.264010
15.222890
15.182414
15.142443
15.103183
15.064822
15.027201
14.990036
14.953280
14.917070
14.881442
14.846268
14.811396
14.776853
14.742743
14.709067
14.675742
14.634265
14.587840
14.540964
14.494353
14.446884
14.397885
14.348366
14.299591
14.251502
14.203284
14.154880
14.107094
14.060381
14.014353
13.968535
13.923095
13.878491
13.834727
13.791422
13.748392
13.705863
13.664020
13.622724
13.581741
13.541089
13.500946
13.461349
13.422157
13.383292
13.344844
13.306908
13.269449
13.232375
13.195691
13.159472
13.123746
13.088443
13.053531
13.019037
12.984988
12.951365
12.918114
12.885241
12.852753
12.820653
12.788905
12.757491
12.726415
12.695682
12.665273
12.635169
12.605361
12.575857
12.546655
12.517737
12.489089
12.460716
12.432616
12.404783
12.377202
12.349876
12.322803
12.295975
12.269383
12.243030
12.216907
12.191012
12.165339
12.139880
12.114635
12.089602
12.064774
12.040149
12.015718
11.991483
11.967441
11.943583
11.919910
11.896418
11.873103
11.849967
11.826999
11.804202
11.781573
11.759107
11.736806
11.714660
11.692676
11.670842
11.649164
11.627634
11.606255
11.585021
11.563931
11.542986
11.522178
11.501510
11.480980
11.460586
11.440325
11.420193
11.400192
11.380322
11.360579
11.340960
11.321466
11.302098
11.282847
11.263718
11.244710
11.225819
11.207045
11.188385
11.169837
11.151404
11.133083
11.114878
11.096778
11.078782
11.060901
11.043121
11.025451
11.007884
10.990420
10.973061
10.955800
10.938643
10.921589
10.904632
10.887772
10.871009
10.854343
10.837775
10.821302
10.804922
10.788637
10.772445
10.756343
10.740334
10.724415
10.708590
10.692851
10.677202
10.661638
10.646164
10.630775
10.615474
10.600261
10.585128
10.570083
10.555118
10.540238
10.525441
10.510726
10.496091
10.481537
10.467064
10.452672
10.438357
10.424121
10.409965
10.395884
10.381881
10.367955
10.354102
10.340329
10.326629
10.313003
10.299455
10.285975
10.272573
10.259240
10.245979
10.232793
10.219678
10.206634
10.193659
10.180754
10.167919
10.155153
10.142456
10.129827
10.117267
10.104774
10.092348
10.079987
10.067696
10.055467
10.043306
10.031210
10.019179
10.007210
9.995307
9.983467
9.971691
9.959979
9.948326
9.936737
9.925209
9.913745
9.902340
9.890998
9.879713
9.868491
9.857326
9.846221
9.835176
9.824189
9.813261
9.802391
9.791578
9.780824
9.770125
9.759484
9.748900
9.738371
9.727900
9.717481
9.707118
9.696811
9.686557
9.676359
9.666215
9.656122
9.646087
9.636101
9.626169
9.616289
9.606461
9.596686
9.586963
9.577289
9.567668
9.558097
9.548576
9.539107
9.529686
9.520314
9.510996
9.501720
9.492498
9.483323
9.474196
9.465117
9.456086
9.447103
9.438168
9.429278
9.420435
9.411639
9.402888
9.394185
9.385527
9.376914
9.368346
9.359823
9.351343
9.342911
9.334519
9.326175
9.317870
9.309612
9.301398
9.293224
9.285095
9.277007
9.268962
9.260959
9.252997
9.245078
9.237197
9.229360
9.221563
9.213806
9.206092
9.198414
9.190777
9.183181
9.175624
9.168108
9.160626
9.153188
9.145785
9.138423
9.131096
9.123810
9.116561
9.109348
9.102175
9.095036
9.087935
9.080871
9.073841
9.066851
9.059895
9.052974
9.046089
9.039241
9.032425
9.025647
9.018904
9.012192
9.005516
8.998874
8.992267
8.985692
8.979152
8.972646
8.966173
8.959731
8.953321
8.946945
8.940601
8.934291
8.928011
8.921763
8.915549
8.909362
8.903209
8.897086
8.890994
8.884933
8.878904
8.872902
8.866931
8.860990
8.855080
8.849198
8.843346
8.837524
8.831728
8.825965
8.820229
8.814520
8.808840
8.803188
8.797565
8.791968
8.786400
8.780860
8.775346
8.769859
8.764400
8.758966
8.753559
8.748180
8.742826
8.737498
8.732195
8.726920
8.721671
8.716445
8.711245
8.706070
8.700919
8.695793
8.690693
8.685618
8.680568
8.675539
8.670535
8.665555
8.660600
8.655668
8.650759
8.645871
8.641009
8.636169
8.631352
8.626558
8.621786
8.617037
8.612309
8.607604
8.602921
8.598259
8.593619
8.589002
8.584403
8.579827
8.575274
8.570742
8.566226
8.561734
8.557261
8.552810
8.548380
8.543969
8.539578
8.535206
8.530856
8.526523
8.522212
8.517918
8.513645
8.509390
8.505157
8.500937
8.496740
8.492560
8.488399
8.484256
8.480132
8.476025
8.471938
8.467868
8.463814
8.459780
8.455763
8.451760
8.447778
8.443812
8.439864
8.435932
8.432018
8.428119
8.424237
8.420373
8.416524
8.412691
8.408874
8.405075
8.401290
8.397523
8.393770
8.390033
8.386310
8.382605
8.378914
8.375239
8.371577
8.367934
8.364301
8.360687
8.357085
8.353499
8.349928
8.346370
8.342827
8.339297
8.335784
8.332282
8.328795
8.325324
8.321864
8.318418
8.314987
8.311569
8.308164
8.304770
8.301394
8.298029
8.294677
8.291338
8.288012
8.284698
8.281395
8.278109
8.274833
8.271570
8.268318
8.265080
8.261853
8.258639
8.255438
8.252247
8.249069
8.245903
8.242747
8.239605
8.236475
8.233353
8.230247
8.227149
8.224063
8.220988
8.217924
8.214873
8.211830
8.208801
8.205780
8.202772
8.199773
8.196786
8.193809
8.190844
8.187886
8.184942
8.182006
8.179082
8.176167
8.173263
8.170366
8.167482
8.164607
8.161742
8.158887
8.156043
8.153206
8.150380
8.147564
8.144756
8.141959
8.139170
8.136393
8.133620
8.130860
8.128108
8.125366
8.122634
8.119909
8.117194
8.114487
8.111789
8.109100
8.106420
8.103748
8.101085
8.098430
8.095783
8.093146
8.090518
8.087897
8.085283
8.082679
8.080082
8.077495
8.074914
8.072341
8.069777
8.067222
8.064673
8.062134
8.059600
8.057075
8.054557
8.052048
8.049545
8.047051
8.044565
8.042086
8.039614
8.037149
8.034692
8.032242
8.029799
8.027364
8.024935
8.022514
8.020101
8.017693
8.015292
8.012900
8.010513
8.008136
8.005763
8.003397
8.001040
7.998687
7.996343
7.994003
7.991670
7.989346
7.987027
7.984715
7.982410
7.980109
7.977816
7.975530
7.973251
7.970975
7.968710
7.966447
7.964194
7.961943
7.959700
7.957464
7.955232
7.953008
7.950790
7.948578
7.946372
7.944171
7.941976
7.939786
7.937604
7.935426
7.933255
7.931089
7.928929
7.926775
7.924626
7.922484
7.920345
7.918216
7.916088
7.913967
7.911852
7.909741
7.907637
7.905538
7.903444
7.901357
7.899273
7.897195
7.895123
7.893056
7.890995
7.888937
7.886886
7.884840
7.882797
7.880761
7.878730
7.876705
7.874683
7.872667
7.870655
7.868650
7.866648
7.864652
7.862660
7.860674
7.858693
7.856716
7.854744
7.852776
7.850813
7.848855
7.846903
7.844954
7.843010
7.841071
7.839137
7.837207
7.835281
7.833360
7.831444
7.829534
7.827625
7.825723
7.823825
7.821930
7.820044
7.818157
7.816277
7.814401
7.812529
7.810661
7.808797
7.806939
7.805084
7.803234
7.801389
7.799547
7.797708
7.795876
7.794046
7.792221
7.790401
7.788583
7.786771
7.784962
7.783158
7.781357
7.779560
7.777768
7.775979
7.774196
7.772415
7.770638
7.768865
7.767096
7.765332
7.763574
7.761814
7.760062
7.758312
7.756566
7.754826
7.753087
7.751354
7.749622
7.747898
7.746174
7.744455
7.742740
7.741028
7.739320
7.737617
7.735916
7.734220
7.732526
7.730836
7.729150
7.727469
7.725789
7.724113
7.722444
7.720775
7.719110
7.717449
7.715791
7.714138
7.712486
7.710840
7.709196
7.707556
7.705921
7.704286
7.702655
7.701030
7.699407
7.697788
7.696172
7.694558
7.692947
7.691342
7.689739
7.688139
7.686543
7.684949
7.683361
7.681774
7.680191
7.678609
7.677032
7.675459
