-1.815700
-2.148195
-2.415658
-2.504889
-2.531111
-2.520915
-2.497009
-2.518795
-2.605331
-2.749479
-2.930353
-3.116393
-3.307274
-3.480108
-3.592037
-3.645076
-3.655250
-3.655051
-3.676883
-3.733644
-3.814028
-3.892608
-3.943560
-3.955481
-3.936222
-3.906134
-3.887015
-3.890153
-3.910747
-3.932239
-3.936255
-3.913520
-3.868786
-3.817005
-3.774485
-3.752514
-3.744341
-3.734730
-3.710444
-3.672559
-3.626098
-3.580638
-3.544239
-3.518514
-3.498237
-3.475508
-3.445407
-3.409207
-3.373039
-3.343212
-3.321659
-3.304803
-3.286517
-3.262815
-3.234710
-3.207167
-3.185161
-3.169949
-3.158433
-3.145928
-3.129985
-3.112175
-3.096532
-3.086100
-3.080464
-3.076254
-3.070017
-3.060993
-3.051456
-3.044517
-3.041354
-3.040295
-3.038381
-3.033944
-3.027849
-3.022411
-3.019071
-3.017000
-3.013829
-3.007746
-2.998974
-2.989345
-2.980456
-2.972227
-2.963148
-2.951867
-2.938491
-2.924381
-2.910698
-2.897203
-2.882455
-2.865137
-2.845145
-2.823404
-2.800716
-2.776881
-2.750945
-2.722232
-2.691027
-2.658306
