28.496202
27.650045
27.011387
26.524590
26.083158
25.690727
25.327118
25.061241
24.873215
24.673695
24.477417
24.308334
24.176620
24.078453
24.008823
23.962456
23.934578
23.918766
23.906406
23.889801
23.865980
23.837284
23.808363
23.782398
23.759392
23.738087
23.716759
23.694136
23.670576
23.646692
23.623577
23.602955
23.586403
23.574804
23.566502
23.559000
23.551254
23.543396
23.535959
23.529320
23.523664
23.519085
23.515400
23.511990
23.508121
23.504208
23.500515
23.496962
23.493732
23.490757
23.487865
23.484909
23.481777
23.478477
23.475161
23.472033
23.469116
23.466257
23.463339
23.460409
23.457581
23.454910
23.452385
23.449974
23.447634
23.445316
23.443007
23.440731
23.438519
23.436312
23.434036
23.431679
23.429314
23.427065
23.425022
23.423206
23.421600
23.420151
23.418798
23.417519
23.416307
23.415154
23.414024
23.412870
23.411652
23.410309
23.408760
23.406969
23.404968
23.402822
23.400631
23.398487
23.396481
23.394669
23.393093
23.391747
23.390619
23.389715
23.389008
23.388403
