20.257311
19.697502
19.205076
19.038998
18.819914
18.537605
18.259136
18.031712
17.865128
17.707382
17.540012
17.404623
17.294661
17.182384
17.066980
16.962223
16.845478
16.739899
16.672050
16.618877
16.550228
16.478703
16.426832
16.387690
16.344952
16.304089
16.276825
16.255726
16.226624
16.192436
16.164207
16.140938
16.115562
16.090754
16.072573
16.057384
16.037140
16.017138
16.002190
15.988111
15.968622
15.948750
15.930252
15.911890
15.893055
15.875317
15.859359
15.844567
15.831438
15.820777
15.811728
15.803267
15.795675
15.789035
15.782728
15.776789
15.771524
15.766457
15.761238
15.756254
15.751608
15.747034
15.742649
15.738511
15.734324
15.730140
15.726292
15.722776
15.719470
15.716367
15.713274
15.710037
15.706839
15.703833
15.700979
15.698266
15.695616
15.692905
15.690218
15.687719
15.685412
15.683240
15.681096
15.678837
15.676471
15.674129
15.671874
15.669703
15.667562
15.665371
15.663139
15.660956
15.658873
15.656886
15.654949
15.653002
15.651056
15.649179
15.647404
15.645727
