209.837341
199.303406
195.450760
187.301498
176.580353
167.214218
161.423691
154.109756
144.274536
135.453003
127.135162
117.372421
109.923363
104.205048
98.346390
93.931465
89.987183
87.349739
85.714371
84.180786
83.919678
84.169739
83.974762
82.857864
80.632584
77.427612
73.529877
68.724380
64.069504
60.136681
56.935097
54.627247
53.203083
52.460281
51.822487
51.127235
50.340160
49.130180
47.566200
45.880970
44.260925
42.881020
41.824135
41.149689
40.709061
40.275414
39.747387
39.067120
38.175388
37.136185
36.092632
35.120525
34.261524
33.563759
32.999443
32.483971
31.973463
31.441973
30.857162
30.236496
29.627842
29.052956
28.531723
28.084583
27.693069
27.324968
26.962858
26.585091
26.180222
25.764854
25.355276
24.961233
24.595688
24.257221
23.933151
23.617397
23.302826
22.983322
22.663898
22.350281
22.047018
21.761900
21.496218
21.245495
21.006079
20.772099
20.540071
20.312298
20.090771
19.877720
19.675129
19.481321
19.294523
19.113384
18.935631
18.760841
18.589485
18.422222
18.261118
18.107046
